25
2 15
1 2
2 0
3 2 2 1
3 2 3 3
3 3 2 1 3
2 1 3
1 2 2 1
2 1 1
3 3 1 3 2
3 0
1 1 1
2 2 1 1
2 5 2 3 1 1 3
2 2 3 1
3 1 1
2 3 1 2 3
2 20
2 2
1 0
1 2 3 1
2 1 1
4 0
2 1 2
1 0
4 1 4
1 2 1 2
2 4 4 3 3 2
2 3 4 3 3
2 0
1 3 1 1 4
1 2 3 2
2 1 1
2 1 2
4 1 1
3 0
4 3 4 3 4
2 0
3 0
20 15
2 5 1 2 1 4 3 3 2 4 1 2 1 4 5 2 5 2 5 4
4 2 5 1
1 1 5
1 3 1 2 3
5 1 4
2 0
4 3 1 1 3
2 0
1 2 2 4
2 2 4 3
4 2 5 3
3 2 1 1
5 0
5 2 4 3
5 0
1 0
23 5
2 4 3 2 3 4 1 3 4 2 3 1 3 2 2 1 1 2 3 2 1 4 2
2 0
3 1 3
2 4 3 2 1 1
2 0
1 1 1
3 3
1 1 1
1 0
1 0
1 0
3 10
6 1 4
6 1 3
2 2 5 5
3 0
5 2 1 1
6 1 2
2 3 4 3 3
5 1 5
2 4 1 3 6 1
1 6 2 1 1 3 4 1
5 4 5 3 4 2
2 20
2 2
2 1 2
1 1 3
3 1 3
1 2 1 2
1 0
2 0
3 2 2 2
1 1 1
3 0
1 1 3
1 0
1 3 1 3 3
2 2 1 1
3 3 1 2 1
3 1 1
2 3 3 3 2
3 2 2 1
2 0
3 2 2 3
3 1 1
2 20
3 2
1 1 2
2 2 2 3
2 1 2
2 2 3 1
3 1 3
3 4 3 3 1 2
3 0
2 1 3
3 0
2 0
3 0
3 2 3 3
2 1 2
1 2 2 2
3 2 1 2
1 2 2 1
3 0
2 2 3 3
1 2 2 2
1 1 3
3 20
2 1 1
3 2 3 2
1 2 3 1
2 1 1
2 0
1 3 2 2 1
3 2 1 3
3 3 3 1 2
1 0
1 1 1
3 0
3 2 1 2
2 1 3
1 1 2
3 2 2 1
2 2 1 1
2 0
1 0
2 0
1 1 1
1 4 3 2 3 2
3 15
2 1 3
3 0
3 3 1 2 3
2 3 3 1 1
2 0
1 4 2 1 1 1
3 2 1 1
3 2 3 2
3 1 1
1 0
1 2 2 2
1 4 2 1 1 2
2 4 2 1 2 2
3 2 2 1
3 5 1 2 1 2 1
1 2 3 3
1 1
2
1 3 1 2 3
1 1
2
2 0
3 5
1 1 2
1 0
1 3 2 1 2
1 3 2 2 1
2 0
1 0
2 9
13 13
13 1 13
13 1 13
13 1 13
13 1 13
13 0
13 2 13 13
13 1 13
13 0
13 0
1 20
6
14 1 17
12 1 14
8 1 12
10 1 8
17 2 14 10
18 1 17
13 3 5 18 7
1 1 13
5 1 1
4 2 6 5
7 1 4
16 2 6 7
20 1 16
11 3 1 20 13
9 1 11
3 2 9 9
2 1 3
15 1 2
19 2 10 15
6 1 19
10 20
1 2 3 4 5 6 7 8 9 10
8 0
6 1 6
10 0
3 0
5 0
8 1 8
2 0
6 0
1 1 1
3 1 3
7 0
5 1 5
9 1 9
4 0
4 1 4
7 1 7
1 0
2 1 2
10 1 10
9 0
1 4
1
1 0
1 2 1 3
2 0
3 1 2
3 20
4 2 4
2 3 1 4 4
4 4 3 2 1 3
2 4 1 4 1 3
4 0
3 1 1
2 2 4 3
3 2 3 1
1 4 3 3 3 1
2 3 2 1 4
3 1 3
4 3 2 3 1
3 1 1
2 3 3 3 2
2 2 3 1
4 0
4 1 1
2 0
2 1 4
1 1 4
3 1 2
1 20
5
14 3 17 19 3
17 1 4
8 1 2
18 3 4 11 7
12 2 15 1
11 2 11 14
9 1 16
15 1 10
19 2 13 8
16 1 19
1 2 1 17
10 3 16 18 19
4 3 7 2 20
13 3 15 11 8
7 2 17 14
6 1 13
2 2 8 12
5 3 14 6 15
3 2 12 9
20 1 6
1 2
2
2 0
2 1 2
3 19
1 1 1
1 0
1 0
1 0
1 0
1 0
1 0
1 1 1
1 1 1
1 1 1
1 1 1
1 1 1
1 1 1
1 1 1
1 1 1
1 1 1
1 2 1 1
1 2 1 1
1 2 1 1
1 2 1 1
1 1
2
1 1 1
2 13
2 2
2 1 2
2 2 2 2
2 0
2 1 2
2 0
2 3 2 2 2
2 0
2 0
2 0
2 0
2 1 2
2 1 2
2 1 2
3 10
1 1 2
1 2 2 2
2 1 1
1 2 2 1
1 0
2 1 2
1 2 1 1
1 1 1
2 1 1
2 1 1
2 3 1 1 1
1 1
2
2 3 1 2 3
